0.058465
0.0601525
0.060415
0.0637825
0.060595
0.0610975
0.061675
0.0652675
0.06796
0.0623575
0.0684025
0.0677425
0.07204
0.0720175
0.073765
0.074605
0.0776275
0.0765475
0.0775825
0.077005
0.0839725
0.088675
0.087925
0.0890725
0.08926
0.0919075
0.0950575
0.097885
0.10387
0.105842
0.108985
0.109412
0.119867
0.12082
0.129407
0.141032
0.133067
0.14851
0.159407
0.16345
0.17812
0.188987
0.20833
0.229
0.255797
0.29236
0.338965
0.390872
0.489062
0.55996
0.630452
0.714827
0.759497
0.793562
0.827215
0.849565
0.865607
0.876932
0.88702
0.897512
0.90892
0.912265
0.917297
0.926282
0.92839
0.933647
0.93901
0.944095
0.946262
0.950432
0.953132
0.955757
0.957647
0.958435
0.963602
0.965567
0.96736
0.968372
0.969482
0.972347
0.97423
0.974777
0.976967
0.977852
0.978055
0.979457
0.980222
0.982232
0.982555
0.98338
0.984647
0.985045
0.98566
0.98677
0.986995
0.987947
0.987745
0.988202
0.98905
0.98941
0.989537
