0.0489733
0.0507933
0.05024
0.05062
0.0517067
0.0497667
0.0526467
0.0522
0.0527667
0.05462
0.0540533
0.05444
0.0550533
0.05914
0.0570067
0.05936
0.05964
0.0584933
0.0614533
0.0612467
0.0615867
0.0624667
0.06436
0.0633133
0.06328
0.0659467
0.0679667
0.0690333
0.0714267
0.0723867
0.07184
0.0733733
0.0754067
0.0794867
0.0831467
0.0830133
0.0821533
0.0878467
0.09104
0.0952867
0.0924933
0.09836
0.0959067
0.106687
0.1068
0.11018
0.125233
0.127967
0.1329
0.136193
0.15308
0.159613
0.170067
0.18754
0.210507
0.234187
0.292887
0.357887
0.451627
0.5889
0.67584
0.754187
0.808687
0.829267
0.853973
0.875367
0.884613
0.8974
0.906673
0.915347
0.920993
0.926893
0.932327
0.936713
0.940747
0.945853
0.949473
0.950987
0.956087
0.959127
0.96064
0.962487
0.96494
0.967587
0.96814
0.970393
0.971173
0.972333
0.974547
0.97592
0.977233
0.977953
0.97844
0.979327
0.981767
0.982253
0.980833
0.980507
0.982733
0.984393
0.986293
